0 0.51953125 0.77265625 0.21640625 0.1203125
0 0.646875 0.753125 0.09140625 0.15
0 0.77265625 0.7359375 0.1703125 0.08125
0 0.7046875 0.66953125 0.10078125 0.103125
0 0.77890625 0.6734375 0.08671875 0.07734375
0 0.8328125 0.62265625 0.103125 0.09453125
0 0.3578125 0.7078125 0.1109375 0.09453125
0 0.24765625 0.81328125 0.1296875 0.1671875
0 0.134375 0.73359375 0.16796875 0.11171875
0 0.09765625 0.6375 0.11328125 0.12421875
0 0.240625 0.61171875 0.1390625 0.0640625
0 0.265625 0.6734375 0.11796875 0.06875
0 0.38359375 0.6203125 0.12265625 0.0640625
0 0.47109375 0.6546875 0.134375 0.0984375
0 0.57578125 0.68203125 0.11328125 0.09453125
0 0.60078125 0.58984375 0.1109375 0.10703125