0 0.21015625 0.84609375 0.4203125 0.29609375
0 0.53515625 0.7765625 0.4234375 0.25703125
0 0.9015625 0.7375 0.18984375 0.4359375
0 0.4515625 0.63671875 0.4796875 0.11171875
0 0.4890625 0.55859375 0.43515625 0.078125
0 0.48671875 0.55 0.41640625 0.1171875
0 0.4515625 0.4578125 0.30078125 0.04453125
0 0.45546875 0.41328125 0.27890625 0.04453125
0 0.42734375 0.37421875 0.2234375 0.04453125
0 0.4125 0.3296875 0.1859375 0.05625
0 0.4015625 0.29921875 0.1859375 0.028125
0 0.39609375 0.28515625 0.16015625 0.03359375
0 0.384375 0.25703125 0.15234375 0.04453125