0 0.89921875 0.428125 0.0734375 0.490625
0 0.83515625 0.35078125 0.09296875 0.48046875
0 0.78359375 0.1921875 0.03515625 0.125
0 0.75 0.37265625 0.15390625 0.321875
0 0.6875 0.353125 0.08046875 0.2640625
0 0.6265625 0.34375 0.0609375 0.33203125
0 0.5625 0.34375 0.125 0.33203125
0 0.5078125 0.490625 0.1828125 0.51953125
0 0.48046875 0.22109375 0.03828125 0.09609375
0 0.5046875 0.165625 0.04140625 0.053125
0 0.4234375 0.3125 0.0640625 0.240625
0 0.34453125 0.271875 0.0734375 0.2359375
0 0.22109375 0.51171875 0.115625 0.71640625
0 0.34765625 0.490625 0.125 0.1734375
0 0.2390625 0.64921875 0.33046875 0.14453125