0 0.1171875 0.68125 0.14140625 0.146875
0 0.20234375 0.6125 0.12890625 0.078125
0 0.27109375 0.52421875 0.16640625 0.09765625
0 0.30546875 0.58359375 0.109375 0.078125
0 0.409375 0.54921875 0.084375 0.078125
0 0.5625 0.54140625 0.16015625 0.05390625
0 0.63828125 0.60078125 0.18515625 0.09296875
0 0.4 0.61015625 0.17890625 0.103125
0 0.41875 0.72578125 0.14765625 0.15703125
0 0.571875 0.7203125 0.15390625 0.1859375
0 0.76015625 0.728125 0.21640625 0.1125
0 0.81171875 0.6890625 0.20703125 0.103125
0 0.81640625 0.6125 0.23515625 0.1078125
0 0.9140625 0.6546875 0.15390625 0.0734375
0 0.9578125 0.73984375 0.078125 0.1078125
0 0.5765625 0.58125 0.12578125 0.05390625