0 0.21875 0.38671875 0.16484375 0.12578125
0 0.1953125 0.553125 0.19375 0.1109375
0 0.23984375 0.62578125 0.18125 0.16875
0 0.47421875 0.8046875 0.20625 0.16875
0 0.53984375 0.6109375 0.17109375 0.13046875
0 0.36640625 0.3625 0.0921875 0.203125
0 0.66015625 0.33125 0.04453125 0.159375
0 0.72734375 0.39140625 0.1015625 0.1453125
0 0.84453125 0.26796875 0.13359375 0.1015625
0 0.75546875 0.21015625 0.0765625 0.13046875
0 0.696875 0.11796875 0.06640625 0.1109375
0 0.6234375 0.128125 0.05390625 0.1015625
0 0.53984375 0.3234375 0.06953125 0.13515625