0 0.17421875 0.36640625 0.13203125 0.07578125
0 0.1 0.41328125 0.11328125 0.0828125
0 0.03984375 0.6640625 0.0796875 0.18046875
0 0.14296875 0.928125 0.2859375 0.1375
0 0.43125 0.8359375 0.43046875 0.32109375
0 0.49765625 0.70390625 0.39921875 0.35390625
0 0.5734375 0.60625 0.37734375 0.26015625
0 0.20703125 0.57578125 0.0765625 0.06171875
0 0.63671875 0.49296875 0.28359375 0.1984375
0 0.93125 0.43671875 0.084375 0.08671875
0 0.5984375 0.36640625 0.04296875 0.03984375
0 0.08515625 0.52734375 0.0796875 0.08671875