0 0.728125 0.8546875 0.53828125 0.284375
0 0.23671875 0.896875 0.4734375 0.2
0 0.70078125 0.959375 0.478125 0.0734375
0 0.353125 0.70546875 0.35078125 0.2171875
0 0.353125 0.60546875 0.3265625 0.1296875
0 0.14765625 0.5828125 0.2953125 0.16875
0 0.1109375 0.55234375 0.22109375 0.13671875
0 0.10546875 0.46171875 0.178125 0.059375
0 0.2609375 0.428125 0.0984375 0.0703125
0 0.24765625 0.38046875 0.08671875 0.05234375
0 0.31875 0.496875 0.19453125 0.09453125
0 0.7953125 0.73671875 0.3890625 0.259375
0 0.51796875 0.52265625 0.34375 0.18984375
0 0.94375 0.5578125 0.103125 0.11953125
0 0.8171875 0.459375 0.22578125 0.06328125
0 0.9015625 0.49453125 0.14453125 0.06328125
0 0.35078125 0.37578125 0.071875 0.06328125
0 0.39453125 0.43515625 0.0671875 0.0703125
0 0.4578125 0.43125 0.06953125 0.06328125
0 0.5578125 0.459375 0.08671875 0.06328125
0 0.46875 0.36328125 0.0625 0.03125
0 0.50859375 0.4125 0.06484375 0.05234375
0 0.62265625 0.36171875 0.0484375 0.04921875
0 0.634375 0.4125 0.053125 0.05234375
0 0.72265625 0.39140625 0.06484375 0.06640625
0 0.73046875 0.61953125 0.375 0.2140625
0 0.4125 0.36640625 0.040625 0.0453125