0 0.78828125 0.43125 0.365625 0.3046875
0 0.8609375 0.6265625 0.27421875 0.36953125
0 0.68125 0.853125 0.40625 0.2859375
0 0.46640625 0.759375 0.59609375 0.46015625
0 0.37265625 0.659375 0.3796875 0.3046875
0 0.29296875 0.57265625 0.27421875 0.225
0 0.509375 0.4640625 0.2546875 0.23203125
0 0.665625 0.4203125 0.25 0.2390625
0 0.6046875 0.32421875 0.2671875 0.15546875
0 0.5265625 0.30234375 0.21171875 0.1265625
0 0.36640625 0.4453125 0.1703125 0.159375
0 0.33515625 0.375 0.0984375 0.08359375
0 0.4703125 0.2609375 0.18515625 0.159375
0 0.80546875 0.22109375 0.134375 0.115625