0 0.0734375 0.51640625 0.146875 0.1171875
0 0.0765625 0.6328125 0.153125 0.13125
0 0.17421875 0.63515625 0.2953125 0.33359375
0 0.50625 0.54765625 0.32421875 0.37734375
0 0.509375 0.509375 0.08671875 0.10234375
0 0.25703125 0.43046875 0.03359375 0.04765625
0 0.2703125 0.47265625 0.0265625 0.04375
0 0.759375 0.43984375 0.0625 0.0734375
0 0.8734375 0.46875 0.18984375 0.1171875
0 0.8296875 0.3609375 0.0625 0.0625
0 0.89921875 0.37890625 0.10078125 0.0625
0 0.91484375 0.31484375 0.06484375 0.04375
0 0.8484375 0.66875 0.29296875 0.33359375
0 0.91484375 0.778125 0.165625 0.26015625