0 0.37734375 0.790625 0.24609375 0.2140625
0 0.55703125 0.5875 0.22265625 0.14140625
0 0.8171875 0.78828125 0.303125 0.16640625
0 0.8515625 0.70703125 0.26875 0.14921875
0 0.8375 0.62578125 0.2625 0.14140625
0 0.87421875 0.575 0.22265625 0.115625
0 0.834375 0.5125 0.20546875 0.10234375
0 0.80703125 0.43984375 0.19140625 0.0765625
0 0.57578125 0.5171875 0.203125 0.0765625
0 0.5859375 0.465625 0.17109375 0.06875
0 0.61171875 0.42734375 0.165625 0.08515625
0 0.61015625 0.38046875 0.134375 0.10234375
0 0.39453125 0.5171875 0.17109375 0.10234375
0 0.4703125 0.39765625 0.14609375 0.0765625
0 0.4140625 0.3375 0.15390625 0.09375
0 0.21015625 0.2796875 0.1171875 0.10703125