0 0.66015625 0.92421875 0.6609375 0.14453125
0 0.70078125 0.79453125 0.5890625 0.15859375
0 0.6921875 0.66953125 0.5046875 0.090625
0 0.66953125 0.57578125 0.43984375 0.1265625
0 0.67421875 0.534375 0.4015625 0.0578125
0 0.678125 0.490625 0.375 0.0578125
0 0.6671875 0.46953125 0.3578125 0.071875
0 0.671875 0.4171875 0.32421875 0.06171875
0 0.6734375 0.3859375 0.28359375 0.05078125
0 0.65859375 0.3625 0.27421875 0.05390625
0 0.65390625 0.32890625 0.22578125 0.05078125
0 0.6546875 0.28515625 0.18984375 0.04296875
0 0.165625 0.90546875 0.33125 0.1796875
0 0.21484375 0.78359375 0.42578125 0.2453125
0 0.23046875 0.6171875 0.3265625 0.2234375
0 0.271875 0.55390625 0.33671875 0.1765625
0 0.31875 0.48359375 0.271875 0.1734375
0 0.34609375 0.45859375 0.25 0.12265625
0 0.3453125 0.4421875 0.24765625 0.11171875
0 0.365625 0.4078125 0.23046875 0.10078125
0 0.39296875 0.37578125 0.18984375 0.10078125
0 0.4171875 0.346875 0.17578125 0.10859375
0 0.44921875 0.3125 0.14921875 0.0828125
0 0.44921875 0.28359375 0.15390625 0.0828125
0 0.484375 0.26015625 0.12265625 0.06484375
0 0.0328125 0.55625 0.06484375 0.071875
0 0.0671875 0.5 0.134375 0.11875
0 0.078125 0.43515625 0.15625 0.11875
0 0.0953125 0.37890625 0.18984375 0.1375
0 0.125 0.3484375 0.20703125 0.1265625
0 0.171875 0.33203125 0.19921875 0.09375
0 0.196875 0.33046875 0.16796875 0.090625
0 0.225 0.3 0.146875 0.09375
0 0.2390625 0.28359375 0.1421875 0.09765625
0 0.25625 0.27265625 0.146875 0.090625
0 0.2671875 0.25625 0.125 0.08671875
0 0.29453125 0.24765625 0.13203125 0.0828125
0 0.31875 0.2546875 0.12265625 0.07578125