0 0.8796875 0.70703125 0.20703125 0.425
0 0.76953125 0.7359375 0.2015625 0.41796875
0 0.6859375 0.7671875 0.17578125 0.42109375
0 0.53984375 0.72890625 0.19453125 0.43984375
0 0.39296875 0.72890625 0.1515625 0.45390625
0 0.2796875 0.7234375 0.2328125 0.40625
0 0.15 0.72890625 0.2671875 0.4765625
0 0.07421875 0.66796875 0.1484375 0.3921875
0 0.1078125 0.4875 0.15390625 0.22734375
0 0.23046875 0.46875 0.10078125 0.24140625
0 0.37890625 0.4703125 0.13203125 0.2234375
0 0.50234375 0.46875 0.115625 0.20546875
0 0.59765625 0.46328125 0.09375 0.171875
0 0.678125 0.45625 0.1390625 0.171875
0 0.78125 0.43984375 0.14453125 0.16875
0 0.6703125 0.36796875 0.0765625 0.09921875