0 0.896875 0.590625 0.2015625 0.115625
0 0.88828125 0.65234375 0.21875 0.1453125
0 0.83046875 0.69921875 0.2765625 0.2171875
0 0.6765625 0.75 0.271875 0.23203125
0 0.55625 0.8171875 0.37265625 0.31484375
0 0.40390625 0.86015625 0.35546875 0.271875
0 0.17421875 0.88046875 0.34375 0.23203125
0 0.0734375 0.715625 0.146875 0.19921875
0 0.18046875 0.69765625 0.1390625 0.1921875
0 0.26328125 0.68671875 0.1421875 0.2140625
0 0.36171875 0.634375 0.18046875 0.16640625
0 0.4421875 0.590625 0.1734375 0.1375
0 0.5359375 0.57421875 0.15390625 0.1046875
0 0.59375 0.54375 0.1203125 0.07265625
0 0.63828125 0.53046875 0.19453125 0.1125
0 0.7171875 0.51484375 0.1421875 0.10859375
0 0.75703125 0.50390625 0.134375 0.09453125
0 0.79453125 0.49296875 0.12734375 0.09453125
0 0.0828125 0.55234375 0.15625 0.11953125
0 0.18125 0.53984375 0.1609375 0.1015625
0 0.2609375 0.5125 0.1421875 0.1046875
0 0.33046875 0.50546875 0.12265625 0.08359375
0 0.3796875 0.4875 0.14453125 0.090625
0 0.4109375 0.4546875 0.0765625 0.06875
0 0.55546875 0.4546875 0.0625 0.03984375
0 0.56015625 0.4328125 0.08203125 0.0546875
0 0.5734375 0.41328125 0.09375 0.07265625
0 0.60703125 0.4109375 0.06484375 0.06171875
0 0.62109375 0.40546875 0.06484375 0.02890625
0 0.66015625 0.40234375 0.0171875 0.021875