0 0.02421875 0.23203125 0.03828125 0.1546875
0 0.07109375 0.21328125 0.03125 0.090625
0 0.0984375 0.22734375 0.03828125 0.07421875
0 0.12265625 0.3609375 0.0765625 0.12265625
0 0.15390625 0.2484375 0.04296875 0.096875
0 0.21875 0.27890625 0.071875 0.1453125
0 0.26171875 0.4015625 0.0625 0.0609375
0 0.2203125 0.41796875 0.0359375 0.0421875
0 0.25703125 0.51953125 0.115625 0.1546875
0 0.3796875 0.52578125 0.134375 0.16796875
0 0.5421875 0.47421875 0.15625 0.23203125
0 0.6984375 0.76484375 0.2140625 0.3484375
0 0.74296875 0.63203125 0.08671875 0.109375