0 0.11875 0.67578125 0.18984375 0.12421875
0 0.18125 0.6046875 0.13671875 0.08828125
0 0.22578125 0.53359375 0.115625 0.08125
0 0.32578125 0.51796875 0.0796875 0.0640625
0 0.30546875 0.57421875 0.125 0.07109375
0 0.40859375 0.55703125 0.09609375 0.0640625
0 0.38828125 0.6171875 0.18984375 0.08515625
0 0.41796875 0.70390625 0.14921875 0.13828125
0 0.56015625 0.709375 0.14453125 0.1703125
0 0.5875 0.5375 0.12265625 0.053125
0 0.5484375 0.5765625 0.0671875 0.0671875
0 0.6390625 0.59765625 0.15859375 0.08125
0 0.75859375 0.7265625 0.2328125 0.10625
0 0.803125 0.60625 0.15859375 0.0640625
0 0.890625 0.59765625 0.0984375 0.0671875
0 0.8765625 0.65390625 0.13203125 0.06015625
0 0.96015625 0.7078125 0.07421875 0.13125