0 0.25234375 0.8109375 0.15390625 0.1546875
0 0.35234375 0.72734375 0.103125 0.08984375
0 0.521875 0.77265625 0.21640625 0.11171875
0 0.2390625 0.62265625 0.15625 0.07734375
0 0.24140625 0.678125 0.1703125 0.06875
0 0.3890625 0.6328125 0.125 0.07265625
0 0.6453125 0.753125 0.09375 0.115625
0 0.75703125 0.73359375 0.1734375 0.0859375
0 0.5734375 0.60546875 0.1515625 0.09453125
0 0.70546875 0.65859375 0.0984375 0.0640625
0 0.134375 0.746875 0.178125 0.09453125
0 0.47734375 0.6609375 0.15625 0.06875