0 0.47578125 0.88828125 0.1390625 0.071875
0 0.6078125 0.94375 0.1390625 0.06875
0 0.08515625 0.85546875 0.1703125 0.10859375
0 0.696875 0.75078125 0.134375 0.0578125
0 0.92890625 0.81015625 0.11796875 0.06171875
0 0.0765625 0.60234375 0.153125 0.0578125
0 0.41328125 0.7453125 0.16796875 0.06875
0 0.3609375 0.55234375 0.09140625 0.05078125
0 0.43359375 0.59375 0.0984375 0.06171875
0 0.24609375 0.63203125 0.1078125 0.05078125
0 0.571875 0.55234375 0.1109375 0.04296875
0 0.7765625 0.590625 0.1109375 0.06171875
0 0.80546875 0.5125 0.1390625 0.0359375
0 0.46171875 0.43828125 0.0765625 0.046875
0 0.3125 0.35390625 0.0671875 0.0359375
0 0.31484375 0.6859375 0.125 0.05078125